weight	zone1	zone2	zone3	zone4	zone5	zone6	zone7	zone8	zone9	zone10	zone11	zone12	zone13
1	14.00	13.75	16.75	17.25	16.00	14.75	17.50	13.25	15.25	16.75	19.00	14.75	18.00
2	14.00	16.35	21.10	21.60	20.80	16.35	20.05	16.85	19.75	19.50	23.20	16.35	20.05
3	15.00	18.70	25.30	25.80	25.80	18.45	22.90	21.10	24.50	22.65	27.40	18.20	23.20
4	16.35	21.35	29.50	30.55	31.35	21.35	25.80	25.55	28.20	25.30	31.60	20.30	26.35
5	17.65	24.25	33.75	35.30	36.90	24.00	28.70	30.30	34.50	27.95	35.85	22.40	29.50
6	18.80	26.35	36.90	38.80	41.35	27.05	31.90	34.40	38.45	31.10	39.50	25.05	32.95
7	19.95	28.45	40.05	42.25	45.85	30.10	35.05	38.50	42.60	34.25	43.20	27.65	36.35
8	21.15	30.55	43.20	45.75	50.35	33.15	38.20	42.65	46.70	37.40	46.90	30.30	39.80
9	22.30	32.65	46.40	49.20	54.80	36.20	41.35	46.75	50.80	40.60	50.60	32.95	43.20
10	23.45	34.80	49.55	52.70	59.30	39.25	44.55	50.85	54.90	43.75	54.30	35.55	46.65
11	24.60	36.90	52.70	56.20	63.75	42.30	47.70	54.95	59.00	46.90	57.95	38.20	50.05
12	25.75	39.00	55.85	59.65	68.25	45.35	50.85	59.10	63.15	50.05	61.65	40.85	53.50
13	26.95	41.10	59.00	63.15	72.75	48.45	54.00	63.20	67.25	53.25	65.35	43.50	56.90
14	28.10	43.20	62.20	66.60	77.20	51.50	57.20	67.30	71.35	56.40	69.05	46.10	60.35
15	29.25	45.30	65.35	70.10	81.70	54.55	60.35	71.40	75.45	59.55	72.75	48.75	63.75
16	30.40	47.45	68.50	73.55	86.15	57.60	63.50	75.50	79.60	62.70	76.40	51.40	67.20
17	31.55	49.55	71.65	77.05	90.65	60.65	66.65	79.65	83.70	65.90	80.10	54.00	70.60
18	32.75	51.65	74.85	80.55	95.10	63.70	69.85	83.75	87.80	69.05	83.80	56.65	74.05
19	33.90	53.75	78.00	84.00	99.60	66.75	73.00	87.85	91.90	72.20	87.50	59.30	77.45
20	35.05	55.85	81.15	87.50	104.10	69.85	76.15	91.95	96.00	75.35	91.15	61.90	80.90
21	36.20	57.95	84.30	90.95	108.55	72.90	79.30	96.05	100.15	78.50	94.85	64.55	84.30
22	37.35	60.10	87.50	94.45	113.05	75.95	82.50	100.20	104.25	81.70	98.55	67.20	87.75
23	38.50	62.20	90.65	97.90	117.50	79.00	85.65	104.30	108.35	84.85	102.25	69.85	91.15
24	39.70	64.30	93.80	101.40	122.00	82.05	88.80	108.40	112.45	88.00	105.95	72.45	94.60
25	40.85	66.40	96.95	104.85	126.50	85.10	91.95	112.50	116.55	91.15	109.60	75.10	98.00
26	42.00	68.50	100.15	108.35	130.95	88.15	95.10	116.65	120.70	94.35	113.30	77.75	101.45
27	43.15	70.60	103.30	111.85	135.45	91.20	98.30	120.75	124.80	97.50	117.00	80.35	104.85
28	44.30	72.75	106.45	115.30	139.90	94.30	101.45	124.85	128.90	100.65	120.70	83.00	108.30
29	45.50	74.85	109.60	118.80	144.40	97.35	104.60	128.95	133.00	103.80	124.35	85.65	111.70
30	46.65	76.95	112.80	122.25	148.90	100.40	107.75	133.05	137.15	107.00	128.05	88.25	115.15
31	47.80	79.05	115.95	125.75	153.35	103.45	110.95	137.20	141.25	110.15	131.75	90.90	118.60
32	48.95	81.15	119.10	129.20	157.85	106.50	114.10	141.30	145.35	113.30	135.45	93.55	122.00
33	50.10	83.25	122.25	132.70	162.30	109.55	117.25	145.40	149.45	116.45	139.15	96.20	125.45
34	51.30	85.35	125.45	136.20	166.80	112.60	120.40	149.50	153.55	119.65	142.80	98.80	128.85
35	52.45	87.50	128.60	139.65	171.30	115.70	123.60	153.60	157.70	122.80	146.50	101.45	132.30
36	53.60	89.60	131.75	143.15	175.75	118.75	126.75	157.75	161.80	125.95	150.20	104.10	135.70
37	54.75	91.70	134.90	146.60	180.25	121.80	129.90	161.85	165.90	129.10	153.90	106.70	139.15
38	55.90	93.80	138.05	150.10	184.70	124.85	133.05	165.95	170.00	132.30	157.55	109.35	142.55
39	57.05	95.90	141.25	153.55	189.20	127.90	136.25	170.05	174.10	135.45	161.25	112.00	146.00
40	58.25	98.00	144.40	157.05	193.65	130.95	139.40	174.15	178.25	138.60	164.95	114.60	149.40
41	59.40	100.15	147.55	160.50	198.15	134.00	142.55	178.30	182.35	141.75	168.65	117.25	152.85
42	60.55	102.25	150.70	164.00	202.65	137.05	145.70	182.40	186.45	144.95	172.35	119.90	156.25
43	61.70	104.35	153.90	167.50	207.10	140.15	148.90	186.50	190.55	148.10	176.00	122.55	159.70
44	62.85	106.45	157.05	170.95	211.60	143.20	152.05	190.60	194.65	151.25	179.70	125.15	163.10
45	64.05	N/A	160.20	174.45	216.05	146.25	155.20	194.75	198.80	154.40	183.40	127.80	166.55
46	65.20	N/A	163.35	177.90	220.55	149.30	158.35	198.85	202.90	157.55	187.10	130.45	169.95
47	66.35	N/A	166.55	181.40	225.05	152.35	161.55	202.95	207.00	160.75	190.75	133.05	173.40
48	67.50	N/A	169.70	184.85	229.50	155.40	164.70	207.05	211.10	163.90	194.45	135.70	176.80
49	68.65	N/A	172.85	188.35	234.00	158.45	167.85	211.15	215.25	167.05	198.15	138.35	180.25
50	69.85	N/A	176.00	191.85	238.45	161.55	171.00	215.30	219.35	170.20	201.85	140.95	183.65
51	71.00	N/A	179.20	195.30	242.95	164.60	174.15	219.40	223.45	173.40	205.55	143.60	187.10
52	72.15	N/A	182.35	198.80	247.45	167.65	177.35	223.50	227.55	176.55	209.20	146.25	190.50
53	73.30	N/A	185.50	202.25	251.90	170.70	180.50	227.60	231.65	179.70	212.90	148.90	193.95
54	74.45	N/A	188.65	205.75	256.40	173.75	183.65	231.70	235.80	182.85	216.60	151.50	197.35
55	75.60	N/A	191.85	209.20	260.85	176.80	186.80	235.85	239.90	186.05	220.30	154.15	200.80
56	76.80	N/A	195.00	212.70	265.35	179.85	190.00	239.95	244.00	189.20	224.00	156.80	204.20
57	77.95	N/A	198.15	216.20	269.80	182.90	193.15	244.05	248.10	192.35	227.65	159.40	207.65
58	79.10	N/A	201.30	219.65	274.30	186.00	196.30	248.15	252.20	195.50	231.35	162.05	211.05
59	80.25	N/A	204.50	223.15	278.80	189.05	199.45	252.25	256.35	198.70	235.05	164.70	214.50
60	81.40	N/A	207.65	226.60	283.25	192.10	202.65	256.40	260.45	201.85	238.75	167.30	217.90
61	82.60	N/A	210.80	230.10	287.75	195.15	205.80	260.50	264.55	205.00	242.40	169.95	221.35
62	83.75	N/A	213.95	233.55	292.20	198.20	208.95	264.60	268.65	208.15	246.10	172.60	224.75
63	84.90	N/A	217.10	237.05	296.70	201.25	212.10	268.70	272.80	211.35	249.80	175.25	228.20
64	86.05	N/A	220.30	240.50	301.20	204.30	215.30	272.85	276.90	214.50	253.50	177.85	231.60
65	87.20	N/A	223.45	244.00	305.65	207.35	218.45	276.95	281.00	217.65	257.20	180.50	235.05
66	88.40	N/A	226.60	247.50	310.15	210.45	221.60	281.05	285.10	220.80	260.85	183.15	238.45
67	N/A	N/A	N/A	N/A	314.60	213.50	224.75	285.15	289.20	224.00	264.55	185.75	241.90
68	N/A	N/A	N/A	N/A	319.10	216.55	227.95	289.25	293.35	227.15	268.25	188.40	245.30
69	N/A	N/A	N/A	N/A	323.60	219.60	231.10	293.40	297.45	230.30	271.95	191.05	248.75
70	N/A	N/A	N/A	N/A	328.05	222.65	234.25	297.50	301.55	233.45	275.60	193.65	252.15
