weight	zone1	zone2	zone3	zone4	zone5	zone6	zone7	zone8	zone9	zone10	zone11	zone12
1	16.00	20.50	24.25	24.50	22.50	19.25	23.25	22.75	30.25	23.00	27.75	21.25
2	16.00	20.50	24.25	24.50	22.50	19.25	23.25	22.75	30.25	23.00	27.75	21.25
3	16.00	20.50	24.25	24.50	22.50	19.25	23.25	22.75	30.25	23.00	27.75	21.25
4	16.00	20.50	24.25	24.50	22.50	19.25	23.25	22.75	30.25	23.00	27.75	21.25
5	16.00	20.50	24.25	24.50	22.50	19.25	23.25	22.75	30.25	23.00	27.75	21.25
6	16.60	21.85	26.35	26.35	24.00	20.40	25.30	24.05	32.60	24.75	30.30	23.20
7	17.40	23.20	28.45	27.65	25.55	21.55	27.40	25.40	34.95	26.35	32.65	25.05
8	18.20	24.25	30.55	29.25	27.15	22.70	29.50	26.75	37.25	28.20	35.05	26.90
9	18.70	25.30	32.65	30.55	28.70	23.85	31.60	28.15	39.60	30.55	37.40	28.70
10	19.25	26.10	34.50	31.90	30.30	25.05	33.75	29.60	41.90	33.75	39.80	30.45
11	19.70	26.90	36.30	33.00	31.60	26.05	35.40	31.00	43.90	35.20	41.95	32.20
12	20.20	27.65	38.10	34.10	32.95	27.05	37.10	32.35	45.90	36.70	44.10	33.95
13	20.65	28.45	39.90	35.20	34.25	28.05	38.80	33.75	47.90	38.15	46.25	35.70
14	21.15	29.25	41.70	36.30	35.55	29.05	40.45	35.10	49.90	39.65	48.45	37.40
15	21.60	30.05	43.50	37.40	36.90	30.05	42.15	36.45	51.90	41.10	50.60	39.15
16	22.10	30.85	45.25	38.50	38.20	31.05	43.85	37.85	53.90	42.60	52.75	40.90
17	22.55	31.60	47.05	39.65	39.50	32.05	45.55	39.20	55.90	44.05	54.90	42.65
18	23.05	32.40	48.85	40.75	40.85	33.05	47.20	40.60	57.90	45.55	57.05	44.35
19	23.50	33.20	50.65	41.85	42.15	34.05	48.90	41.95	59.90	47.00	59.25	46.10
20	24.00	34.00	52.45	42.95	43.50	35.05	50.60	43.30	61.90	48.50	61.40	47.85
21	24.55	34.75	54.10	43.95	44.70	36.00	52.30	44.70	63.70	49.80	63.40	49.40
22	25.15	35.45	55.80	44.95	45.90	36.95	53.95	46.05	65.50	51.10	65.40	50.90
23	25.70	36.20	57.50	45.95	47.10	37.90	55.65	47.45	67.30	52.45	67.40	52.45
24	26.30	36.95	59.20	46.95	48.35	38.85	57.35	48.80	69.10	53.75	69.40	53.95
25	26.90	37.70	60.85	47.95	49.55	39.80	59.00	50.15	70.90	55.05	71.40	55.50
26	27.45	38.40	62.55	48.95	50.75	40.75	60.70	51.55	72.65	56.40	73.40	57.00
27	28.05	39.15	64.25	49.95	51.95	41.70	62.40	52.90	74.45	57.70	75.40	58.55
28	28.60	39.90	65.95	50.95	53.15	42.65	64.10	54.30	76.25	59.00	77.40	60.10
29	29.20	40.65	67.60	51.95	54.40	43.60	65.75	55.65	78.05	60.35	79.40	61.60
30	29.80	41.35	69.30	52.95	55.60	44.55	67.45	57.00	79.85	61.65	81.40	63.15
31	30.35	42.10	70.90	53.90	56.75	45.45	69.05	58.40	81.60	63.00	83.25	64.60
32	30.95	42.85	72.45	54.85	57.90	46.30	70.60	59.75	83.30	64.30	85.10	66.10
33	31.50	43.60	74.05	55.80	59.10	47.20	72.20	61.15	85.05	65.60	86.95	67.55
34	32.10	44.30	75.60	56.75	60.25	48.10	73.80	62.50	86.80	66.95	88.80	69.05
35	32.65	45.05	77.20	57.70	61.40	49.00	75.35	63.85	88.55	68.25	90.65	70.50
36	33.25	45.80	78.80	58.65	62.55	49.90	76.95	65.25	90.30	69.55	92.50	72.00
37	33.85	46.55	80.35	59.60	63.70	50.80	78.50	66.60	92.00	70.90	94.35	73.45
38	34.40	47.25	81.95	60.55	64.85	51.70	80.10	68.00	93.75	72.20	96.20	74.95
39	35.00	48.00	83.55	61.50	66.05	52.60	81.70	69.35	95.50	73.50	98.00	76.40
40	35.55	48.75	85.10	62.45	67.20	53.50	83.25	70.70	97.25	74.85	99.85	77.90
41	36.15	49.50	86.70	63.40	68.35	54.40	84.85	72.10	98.65	76.15	101.70	79.35
42	36.75	50.20	88.25	64.35	69.50	55.30	86.45	73.45	100.10	77.45	103.55	80.85
43	37.30	50.95	89.85	65.30	70.65	56.20	88.00	74.85	101.50	78.80	105.40	82.30
44	37.90	51.70	91.45	66.25	71.85	57.05	89.60	76.20	102.90	80.10	107.25	83.80
45	38.45	N/A	93.00	67.20	73.00	57.95	91.15	77.55	104.35	81.40	109.10	85.25
46	39.05	N/A	94.60	68.15	74.15	58.85	92.75	78.95	105.75	82.75	110.95	86.75
47	39.65	N/A	96.20	69.10	75.30	59.75	94.35	80.30	107.20	84.05	112.80	88.20
48	40.20	N/A	97.75	70.05	76.45	60.65	95.90	81.70	108.60	85.35	114.60	89.70
49	40.80	N/A	99.35	71.00	77.65	61.55	97.50	83.05	110.05	86.70	116.45	91.15
50	41.35	N/A	100.90	71.95	78.80	62.45	99.10	84.45	111.45	88.00	118.30	92.65
51	41.95	N/A	102.50	72.90	79.95	63.35	100.65	85.80	112.90	89.35	120.15	94.10
52	42.55	N/A	104.10	73.85	81.10	64.25	102.25	87.15	114.30	90.65	122.00	95.60
53	43.10	N/A	105.65	74.80	82.25	65.15	103.80	88.55	115.75	91.95	123.85	97.05
54	43.70	N/A	107.25	75.75	83.40	66.05	105.40	89.90	117.15	93.30	125.70	98.55
55	44.25	N/A	108.85	76.70	84.60	66.95	107.00	91.30	118.60	94.60	127.55	100.00
56	44.85	N/A	110.40	77.65	85.75	67.80	108.55	92.65	120.00	95.90	129.40	101.50
57	45.45	N/A	112.00	78.60	86.90	68.70	110.15	94.00	121.40	97.25	131.20	103.00
58	46.00	N/A	113.55	79.50	88.05	69.60	111.70	95.40	122.85	98.55	133.05	104.45
59	46.60	N/A	115.15	80.45	89.20	70.50	113.30	96.75	124.25	99.85	134.90	105.95
60	47.15	N/A	116.75	81.40	90.40	71.40	114.90	98.15	125.70	101.20	136.75	107.40
61	47.75	N/A	118.30	82.35	91.55	72.30	116.45	99.50	127.10	102.50	138.60	108.90
62	48.35	N/A	119.90	83.30	92.70	73.20	118.05	100.85	128.55	103.80	140.45	110.35
63	48.90	N/A	121.45	84.25	93.85	74.10	119.65	102.25	129.95	105.15	142.30	111.85
64	49.50	N/A	123.05	85.20	95.00	75.00	121.20	103.60	131.40	106.45	144.15	113.30
65	50.05	N/A	124.65	86.15	96.20	75.90	122.80	105.00	132.80	107.75	146.00	114.80
66	50.65	N/A	126.20	87.10	97.35	76.80	124.35	106.35	134.25	109.10	147.80	116.25
67	N/A	N/A	N/A	N/A	98.50	77.70	125.95	107.70	135.65	110.40	149.65	117.75
68	N/A	N/A	N/A	N/A	99.65	78.60	127.55	109.10	137.05	111.70	151.50	119.20
69	N/A	N/A	N/A	N/A	100.80	79.45	129.10	110.45	138.50	113.05	153.35	120.70
70	N/A	N/A	N/A	N/A	101.95	80.35	130.70	111.85	139.90	114.35	155.20	122.15
